o3
1.3103929   0.36222947  0.05751418 -0.05314768 -0.1638461  -0.25228465
 -0.30679026 -0.32229114 -0.30883086 -0.2653777  -0.19335987 -0.09277219
  0.04052171  0.20040457  0.3980854   0.6355893   0.8945239   1.1643986
  1.4513056   1.7173296   1.9558415   2.1268623   2.1912053   2.1693516
  2.1079895   2.0059733   1.8362126   1.5923771   1.2952354   0.98001283
  0.6701249   0.36122513  0.07796716 -0.13236457 -0.30668148 -0.4433715
 -0.54561216 -0.6057326  -0.64045274 -0.6585187  -0.6758917  -0.69519556
 -0.7175325  -0.73565006 -0.74520063 -0.74874645 -0.75008696 -0.75083756
 -0.7513344  -0.75180244 -0.7522757  -0.75272584 -0.75313336 -0.7535308
 -0.7538828  -0.7541816  -0.7544931  -0.7548034  -0.7551172  -0.75539595
 -0.7556211  -0.7558171  -0.7560212  -0.7562221  -0.7564124  -0.7565796
 -0.7567193  -0.75682914 -0.75691485 -0.75698733 -0.7570475  -0.75708973

pl
-0.8469185  -0.8469151  -0.8469045  -0.84675324 -0.8467394  -0.8466971
 -0.84667975 -0.84662426 -0.8464538  -0.8459983  -0.8457733  -0.84564656
 -0.84500474 -0.84466666 -0.84376764 -0.84284407 -0.8418144  -0.84059626
 -0.83887076 -0.83691293 -0.8342804  -0.83134115 -0.82805306 -0.8235312
 -0.81843543 -0.81251466 -0.80543023 -0.7968753  -0.78686637 -0.7750721
 -0.7609886  -0.74478245 -0.7255684  -0.70310795 -0.67676324 -0.646176
 -0.61043346 -0.56877786 -0.51962286 -0.46191353 -0.39400518 -0.31406635
 -0.22028172 -0.11021143  0.01713414  0.13650645  0.23944023  0.34233642
  0.4451945   0.5480276   0.6508405   0.75363535  0.8564156   0.9591892
  1.0448216   1.1133219   1.1818249   1.2503234   1.3188149   1.3804605
  1.4283991   1.4694978   1.5105839   1.5516746   1.5927696   1.633863
  1.674949    1.7160366   1.757127    1.7982152   1.8392977   1.8804588 

q
8.3242528e-05 9.9174118e-05 1.2950979e-04 1.5212820e-04 1.6610436e-04
 1.7423953e-04 1.8046048e-04 1.8563370e-04 1.9014328e-04 1.9392141e-04
 1.9677455e-04 1.9829218e-04 1.9815291e-04 1.9505358e-04 1.8945798e-04
 1.8588161e-04 1.8149008e-04 1.7733242e-04 1.7277524e-04 1.6761001e-04
 1.6227081e-04 1.5795876e-04 1.5451934e-04 1.5140427e-04 1.4839784e-04
 1.4541355e-04 1.4272536e-04 1.4054365e-04 1.3888493e-04 1.3751468e-04
 1.3609727e-04 1.3434247e-04 1.3193020e-04 1.2866635e-04 1.2367943e-04
 1.1922214e-04 1.1876782e-04 1.3200029e-04 1.7570454e-04 3.0935928e-04
 6.3712389e-04 1.3944840e-03 2.9905778e-03 5.9667621e-03 1.1064728e-02
 1.7349830e-02 2.4471339e-02 3.3336565e-02 4.4587936e-02 5.8397342e-02
 7.4114047e-02 9.1482855e-02 1.1039486e-01 1.3190719e-01 1.5230975e-01
 1.7063445e-01 1.8938816e-01 2.1048662e-01 2.3515342e-01 2.6009798e-01
 2.8202406e-01 3.0410722e-01 3.2982907e-01 3.5718960e-01 3.8471094e-01
 4.1060680e-01 4.3297169e-01 4.5108187e-01 4.6523553e-01 4.7703284e-01
 4.8786402e-01 5.0196487e-01
  
