 Profile print versus GEOS
 Latitude  -18.8560410     ,  longitude   21.5399895    
  
  flx
  -276.182922      -276.504608     -0.116475627    
  -276.181488      -276.503143     -0.116465181    
  -276.180359      -276.502014     -0.116465658    
  -276.179138      -276.500824     -0.116477221    
  -276.177856      -276.499512     -0.116466716    
  -276.176178      -276.497864     -0.116478473    
  -276.173401      -276.495056     -0.116468593    
  -276.170624      -276.492310     -0.116480812    
  -276.166290      -276.487946     -0.116471589    
  -276.158325      -276.480042     -0.116497055    
  -276.142517      -276.464294     -0.116525821    
  -276.116486      -276.438965     -0.116791017    
  -276.079437      -276.401703     -0.116729312    
  -276.035583      -276.357635     -0.116670467    
  -275.977570      -276.298859     -0.116418540    
  -275.889435      -276.210266     -0.116289809    
  -275.764679      -276.083801     -0.115722694    
  -275.614380      -275.932129     -0.115287535    
  -275.456451      -275.775513     -0.115830027    
  -275.299316      -275.620544     -0.116683193    
  -275.165955      -275.487885     -0.116994828    
  -275.023010      -275.342773     -0.116267793    
  -274.846680      -275.162506     -0.114910036    
  -274.685974      -274.997772     -0.113510743    
  -274.545868      -274.854309     -0.112345949    
  -274.390778      -274.698334     -0.112086914    
  -274.237854      -274.546326     -0.112483263    
  -274.125305      -274.433319     -0.112362452    
  -274.046906      -274.352051     -0.111347824    
  -273.993347      -274.290375     -0.108406864    
  -273.985046      -274.268860     -0.103587218    
  -274.009369      -274.279816      -9.86998305E-02
  -274.126221      -274.377502      -9.16664377E-02
  -274.260529      -274.490540      -8.38658735E-02
  -274.419617      -274.630951      -7.70113394E-02
  -274.455963      -274.645477      -6.90508410E-02
  -274.549896      -274.722992      -6.30470812E-02
  -274.580200      -274.738983      -5.78275323E-02
  -274.455872      -274.600586      -5.27277328E-02
  -274.138184      -274.264740      -4.61651832E-02
  -273.209229      -273.343658      -4.92040217E-02
  -271.596252      -271.653198      -2.09670793E-02
  -268.675415      -268.720703      -1.68560594E-02
  -264.398376      -264.461670      -2.39386708E-02
  -256.050873      -256.331543     -0.109614998    
  -247.461060      -247.698090      -9.57847759E-02
  -243.141083      -243.226044      -3.49430628E-02
  -240.205917      -240.245804      -1.66051183E-02
  -235.284592      -235.194778      -3.81721705E-02
  -221.683029      -220.896011     -0.355019420    
  -212.790436      -212.031097     -0.356847972    
  -204.670074      -204.322662     -0.169742510    
  -193.636536      -193.756897      -6.21583760E-02
  -168.587784      -168.256500     -0.196505085    
  -47.1229858      -46.2152405      -1.92633247    
  -61.7491150      -57.9350586      -6.17669821    
  -63.7467957      -60.4967651      -5.09834337    
  -64.9158630      -62.2378845      -4.12530661    
  -65.3428650      -63.1348572      -3.37911081    
  -65.4170837      -63.5321960      -2.88133860    
  -64.9518738      -63.4028931      -2.38481307    
  -64.4005737      -63.1734314      -1.90548348    
  -63.7284546      -62.8116455      -1.43861806    
  -62.8167114      -62.2358704     -0.924660087    
  -61.7505798      -61.4570923     -0.475279003    
  -60.5846558      -60.3512268     -0.385293841    
  -59.2453918      -58.9209900     -0.547556281    
  -57.5258789      -57.2485962     -0.482013881    
  -55.3125305      -55.0637207     -0.449825406    
  -52.6896973      -52.6200562     -0.132172167    
  -49.7711487      -49.8466187     -0.151633978    
  -47.5729980      -47.2123108     -0.758176446    
  -49.4500732      -49.7592163     -0.625162005    
  dfdts 
  -1.57990530E-02  -6.20772205E-02  -292.935883    
  -1.57990530E-02  -6.20772205E-02  -292.935883    
  -1.57990530E-02  -6.20772205E-02  -292.935883    
  -1.57990530E-02  -6.20772205E-02  -292.935883    
  -1.57990530E-02  -6.20772205E-02  -292.935883    
  -1.57990530E-02  -6.20772205E-02  -292.935883    
  -1.57990530E-02  -6.20772205E-02  -292.935883    
  -1.57990530E-02  -6.20772205E-02  -292.935883    
  -1.57990530E-02  -6.20772205E-02  -292.935883    
  -1.57990530E-02  -6.20772205E-02  -292.935883    
  -1.57990567E-02  -6.20772205E-02  -292.935791    
  -1.57990605E-02  -6.20772205E-02  -292.935730    
  -1.57991666E-02  -6.20772205E-02  -292.933075    
  -1.57992784E-02  -6.20772205E-02  -292.930298    
  -1.58026814E-02  -6.20772205E-02  -292.845673    
  -1.58062018E-02  -6.20772205E-02  -292.758179    
  -1.58098936E-02  -6.20772205E-02  -292.666443    
  -1.58171076E-02  -6.20772205E-02  -292.487335    
  -1.58280320E-02  -6.20772205E-02  -292.216431    
  -1.58433598E-02  -6.20772205E-02  -291.836975    
  -1.58632267E-02  -6.20772205E-02  -291.346191    
  -1.58913396E-02  -6.20772205E-02  -290.653839    
  -1.59322955E-02  -6.20772205E-02  -289.649536    
  -1.59833096E-02  -6.20772205E-02  -288.405823    
  -1.60487387E-02  -6.20995536E-02  -286.961395    
  -1.61278564E-02  -6.21218979E-02  -285.201538    
  -1.62274186E-02  -6.21442497E-02  -282.975769    
  -1.63526274E-02  -6.21889830E-02  -280.316772    
  -1.65046304E-02  -6.22337498E-02  -277.085205    
  -1.66955311E-02  -6.22785464E-02  -273.041626    
  -1.69593841E-02  -6.23233728E-02  -267.501831    
  -1.72969047E-02  -6.23682439E-02  -260.589661    
  -1.77332852E-02  -6.24132007E-02  -251.969330    
  -1.82244685E-02  -6.24583140E-02  -242.730103    
  -1.87620651E-02  -6.24812171E-02  -233.031281    
  -1.91417597E-02  -6.25041351E-02  -226.544693    
  -1.95397642E-02  -6.25271797E-02  -220.010910    
  -1.98081750E-02  -6.25500754E-02  -215.790009    
  -1.99853554E-02  -6.25728443E-02  -213.104156    
  -2.01560538E-02  -6.25956059E-02  -210.565308    
  -2.03354284E-02  -6.26183823E-02  -207.937759    
  -2.05360558E-02  -6.26411960E-02  -205.040298    
  -2.07647532E-02  -6.26640618E-02  -201.790634    
  -2.10224912E-02  -6.26869798E-02  -198.199509    
  -2.13180780E-02  -6.27099499E-02  -194.172363    
  -2.16443520E-02  -6.27555475E-02  -189.948364    
  -2.18639504E-02  -6.27784431E-02  -187.140762    
  -2.20673159E-02  -6.28013089E-02  -184.598083    
  -2.22639460E-02  -6.28241673E-02  -182.187134    
  -2.25094724E-02  -6.28923029E-02  -179.411697    
  -2.27679890E-02  -6.29831627E-02  -176.638092    
  -2.30215024E-02  -6.30741268E-02  -173.986755    
  -2.32958086E-02  -6.31879941E-02  -171.249252    
  -2.40994282E-02  -6.38539717E-02  -164.967377    
  -1.22650599      -1.36319864      -11.1448898    
  -1.79090750      -1.79592896     -0.280386090    
  -1.85918260      -1.85886014      -1.73442513E-02
  -1.93476641      -1.93203211     -0.141324803    
  -2.01752424      -2.01614785      -6.82217851E-02
  -2.10866547      -2.11096716     -0.109154060    
  -2.18960643      -2.19508410     -0.250166833    
  -2.25628209      -2.26402164     -0.343022138    
  -2.32895160      -2.33846974     -0.408688188    
  -2.40874815      -2.41970468     -0.454864085    
  -2.49688935      -2.50819755     -0.452891409    
  -2.59576344      -2.60525370     -0.365605533    
  -2.70591187      -2.70959496     -0.136112764    
  -2.82818365      -2.81583738     -0.436544210    
  -2.95929551      -2.93342257     -0.874294400    
  -3.10638547      -3.07476425      -1.01794279    
  -3.30728364      -3.27885556     -0.859559953    
  -3.63653708      -3.61655974     -0.549350560    
  -5.91559649      -5.88562441     -0.506662011    
 Profile print versus GEOS
 Latitude  -18.7417946     ,  longitude   21.5399876    
  
  flx
  -280.896118      -280.896149      -1.08643644E-05
  -280.894684      -280.894714      -1.08644199E-05
  -280.893555      -280.893585      -1.08644635E-05
  -280.892334      -280.892365      -1.08645108E-05
  -280.891052      -280.891052      -0.00000000    
  -280.889374      -280.889404      -1.08646254E-05
  -280.886597      -280.886627      -1.08647328E-05
  -280.883850      -280.883850      -0.00000000    
  -280.879486      -280.879486      -0.00000000    
  -280.871582      -280.871582      -0.00000000    
  -280.855835      -280.855865      -1.08659224E-05
  -280.830536      -280.830536      -0.00000000    
  -280.793304      -280.793335      -1.08683425E-05
  -280.749329      -280.749329      -0.00000000    
  -280.690735      -280.690765      -1.08723143E-05
  -280.602325      -280.602325      -0.00000000    
  -280.476318      -280.476318      -0.00000000    
  -280.325348      -280.325348      -0.00000000    
  -280.170258      -280.170319      -2.17850229E-05
  -280.017639      -280.017639      -0.00000000    
  -279.888641      -279.888641      -0.00000000    
  -279.749023      -279.749054      -1.09089133E-05
  -279.577545      -279.577576      -1.09156044E-05
  -279.424774      -279.424774      -0.00000000    
  -279.297760      -279.297760      -0.00000000    
  -279.163879      -279.163879      -0.00000000    
  -279.041901      -279.041901      -0.00000000    
  -278.968750      -278.968750      -0.00000000    
  -278.937531      -278.937531      -0.00000000    
  -278.936951      -278.936951      -0.00000000    
  -278.990021      -278.990021      -0.00000000    
  -279.078156      -279.078186      -1.09351367E-05
  -279.256592      -279.256622      -1.09281500E-05
  -279.446899      -279.446899      -0.00000000    
  -279.666107      -279.666107      -0.00000000    
  -279.732483      -279.732483      -0.00000000    
  -279.864075      -279.864075      -0.00000000    
  -279.915436      -279.915436      -0.00000000    
  -279.801331      -279.801361      -1.09068742E-05
  -279.489288      -279.489288      -0.00000000    
  -278.594330      -278.594360      -1.09541279E-05
  -276.934662      -276.934662      -0.00000000    
  -274.038605      -274.038605      -0.00000000    
  -269.822571      -269.822571      -0.00000000    
  -261.743774      -261.743713      -2.33186656E-05
  -253.169006      -253.169006      -0.00000000    
  -248.738281      -248.738281      -0.00000000    
  -245.796524      -245.796524      -0.00000000    
  -240.783310      -240.783340      -1.26742916E-05
  -226.541946      -226.542007      -2.69420998E-05
  -217.739075      -217.739075      -0.00000000    
  -210.092285      -210.092285      -0.00000000    
  -199.597748      -199.597778      -1.52895409E-05
  -174.491791      -174.491852      -3.49788133E-05
  -73.6076660      -73.6076965      -4.14597816E-05
  -74.2135620      -74.2136230      -8.22425936E-05
  -74.7064819      -74.7065125      -4.08499727E-05
  -74.7747498      -74.7747498      -0.00000000    
  -74.2881165      -74.2880554      -8.21600552E-05
  -73.5638428      -73.5637512      -1.24453436E-04
  -72.6944275      -72.6943359      -1.25941893E-04
  -71.9833984      -71.9833374      -8.47905976E-05
  -71.1954346      -71.1952820      -2.14322572E-04
  -70.2407837      -70.2406311      -2.17235458E-04
  -69.1259766      -69.1259155      -8.82955428E-05
  -67.7230530      -67.7229614      -1.35186958E-04
  -66.0376282      -66.0375671      -9.24248161E-05
  -64.1586304      -64.1585083      -1.90263279E-04
  -61.7940369      -61.7940979      -9.87719177E-05
  -59.1843872      -59.1844177      -5.15635620E-05
  -56.2387085      -56.2387390      -5.42643647E-05
  -53.4311218      -53.4311829      -1.14231472E-04
  -55.7994080      -55.7994690      -1.09383160E-04
  dfdts 
 -0.160464510     -0.160464466      -2.78589705E-05
 -0.160464510     -0.160464466      -2.78589705E-05
 -0.160464510     -0.160464466      -2.78589705E-05
 -0.160464510     -0.160464466      -2.78589705E-05
 -0.160464510     -0.160464466      -2.78589705E-05
 -0.160464510     -0.160464466      -2.78589705E-05
 -0.160464510     -0.160464466      -2.78589705E-05
 -0.160464510     -0.160464466      -2.78589705E-05
 -0.160464510     -0.160464466      -2.78589705E-05
 -0.160464510     -0.160464466      -2.78589705E-05
 -0.160464510     -0.160464466      -2.78589705E-05
 -0.160464510     -0.160464481      -1.85726476E-05
 -0.160466522     -0.160466477      -2.78586213E-05
 -0.160468519     -0.160468489      -1.85721838E-05
 -0.160474181     -0.160474151      -1.85715289E-05
 -0.160481900     -0.160481855      -2.78559528E-05
 -0.160498604     -0.160498574      -1.85687022E-05
 -0.160523072     -0.160523012      -3.71317437E-05
 -0.160575747     -0.160575703      -2.78396728E-05
 -0.160658583     -0.160658553      -1.85502122E-05
 -0.160787523     -0.160787493      -1.85353365E-05
 -0.160980657     -0.160980612      -2.77696472E-05
 -0.161284477     -0.161284432      -2.77173367E-05
 -0.161702827     -0.161702797      -1.84304172E-05
 -0.162301123     -0.162301078      -2.75437142E-05
 -0.163094640     -0.163094595      -2.74097038E-05
 -0.164161280     -0.164161250      -1.81544056E-05
 -0.165593490     -0.165593460      -1.79973867E-05
 -0.167366728     -0.167366698      -1.78067057E-05
 -0.169503152     -0.169503123      -1.75822679E-05
 -0.172060043     -0.172060013      -1.73209864E-05
 -0.174623564     -0.174623534      -1.70667081E-05
 -0.177210554     -0.177210525      -1.68175593E-05
 -0.179593250     -0.179593220      -1.65944366E-05
 -0.181928560     -0.181928515      -2.45721330E-05
 -0.183439061     -0.183439016      -2.43697978E-05
 -0.184996173     -0.184996143      -1.61097832E-05
 -0.186023429     -0.186023384      -2.40312329E-05
 -0.186735213     -0.186735168      -2.39396322E-05
 -0.187439829     -0.187439799      -1.58997591E-05
 -0.188221619     -0.188221589      -1.58337189E-05
 -0.189140603     -0.189140573      -1.57567865E-05
 -0.190235078     -0.190235034      -2.34991985E-05
 -0.191535339     -0.191535294      -2.33396695E-05
 -0.193067759     -0.193067729      -1.54362788E-05
 -0.194794491     -0.194794461      -1.52994453E-05
 -0.195986718     -0.195986673      -2.28095614E-05
 -0.197134912     -0.197134882      -1.51178056E-05
 -0.198235989     -0.198235959      -1.50338356E-05
 -0.199603498     -0.199603468      -1.49308362E-05
 -0.201018631     -0.201018602      -1.48257259E-05
 -0.202398032     -0.202398002      -1.47246838E-05
 -0.203808740     -0.203808695      -2.19341437E-05
 -0.207423046     -0.207423016      -1.43679626E-05
  -1.73821688      -1.73821688      -0.00000000    
  -1.79592907      -1.79592896      -6.63775381E-06
  -1.85886049      -1.85886014      -1.92391017E-05
  -1.93203235      -1.93203211      -1.23403061E-05
  -2.01614857      -2.01614785      -3.54763579E-05
  -2.11096716      -2.11096716      -0.00000000    
  -2.19508410      -2.19508410      -0.00000000    
  -2.26402187      -2.26402164      -1.05307590E-05
  -2.33847284      -2.33846974      -1.32541318E-04
  -2.41970468      -2.41970468      -0.00000000    
  -2.50819731      -2.50819755      -9.50557842E-06
  -2.60525250      -2.60525370      -4.57573042E-05
  -2.70959306      -2.70959496      -7.03924670E-05
  -2.81583309      -2.81583738      -1.52407330E-04
  -2.93342066      -2.93342257      -6.50213333E-05
  -3.07476091      -3.07476425      -1.08556771E-04
  -3.27884889      -3.27885556      -2.03599571E-04
  -3.61654353      -3.61655974      -4.48286271E-04
  -5.88562441      -5.88562441      -0.00000000    
