 Profile print versus GEOS
 Latitude  -18.8560410     ,  longitude   21.5399895    
  
  flx
  -276.182922      -276.182922      -0.00000000    
  -276.181488      -276.181488      -0.00000000    
  -276.180359      -276.180359      -0.00000000    
  -276.179138      -276.179138      -0.00000000    
  -276.177856      -276.177856      -0.00000000    
  -276.176178      -276.176178      -0.00000000    
  -276.173401      -276.173401      -0.00000000    
  -276.170624      -276.170624      -0.00000000    
  -276.166290      -276.166290      -0.00000000    
  -276.158325      -276.158325      -0.00000000    
  -276.142517      -276.142517      -0.00000000    
  -276.116486      -276.116486      -0.00000000    
  -276.079437      -276.079437      -0.00000000    
  -276.035583      -276.035583      -0.00000000    
  -275.977570      -275.977570      -0.00000000    
  -275.889435      -275.889435      -0.00000000    
  -275.764679      -275.764679      -0.00000000    
  -275.614380      -275.614380      -0.00000000    
  -275.456451      -275.456451      -0.00000000    
  -275.299316      -275.299316      -0.00000000    
  -275.165955      -275.165955      -0.00000000    
  -275.023010      -275.023010      -0.00000000    
  -274.846680      -274.846680      -0.00000000    
  -274.685974      -274.685974      -0.00000000    
  -274.545868      -274.545868      -0.00000000    
  -274.390778      -274.390778      -0.00000000    
  -274.237854      -274.237885      -1.11281424E-05
  -274.125305      -274.125305      -0.00000000    
  -274.046906      -274.046906      -0.00000000    
  -273.993347      -273.993347      -0.00000000    
  -273.985046      -273.985046      -0.00000000    
  -274.009369      -274.009369      -0.00000000    
  -274.126221      -274.126221      -0.00000000    
  -274.260529      -274.260529      -0.00000000    
  -274.419617      -274.419617      -0.00000000    
  -274.455963      -274.455963      -0.00000000    
  -274.549896      -274.549927      -1.11154941E-05
  -274.580200      -274.580200      -0.00000000    
  -274.455872      -274.455872      -0.00000000    
  -274.138184      -274.138184      -0.00000000    
  -273.209229      -273.209229      -0.00000000    
  -271.596252      -271.596252      -0.00000000    
  -268.675415      -268.675415      -0.00000000    
  -264.398376      -264.398376      -0.00000000    
  -256.050873      -256.050873      -0.00000000    
  -247.461060      -247.461060      -0.00000000    
  -243.141083      -243.141068      -6.27569352E-06
  -240.205917      -240.205948      -1.27047570E-05
  -235.284592      -235.284592      -0.00000000    
  -221.683029      -221.683014      -6.88315595E-06
  -212.790436      -212.790436      -0.00000000    
  -204.670074      -204.670074      -0.00000000    
  -193.636536      -193.636597      -3.15204743E-05
  -168.587784      -168.587784      -0.00000000    
  -47.1229858      -47.1229553      -6.47615525E-05
  -61.7491150      -61.7491455      -4.94218875E-05
  -63.7467957      -63.7467346      -9.57462325E-05
  -64.9158630      -64.9158936      -4.70109735E-05
  -65.3428650      -65.3428650      -0.00000000    
  -65.4170837      -65.4170837      -0.00000000    
  -64.9518738      -64.9518127      -9.39698148E-05
  -64.4005737      -64.4005127      -9.47742446E-05
  -63.7284546      -63.7283630      -1.43660684E-04
  -62.8167114      -62.8167114      -0.00000000    
  -61.7505798      -61.7505188      -9.88414322E-05
  -60.5846558      -60.5846558      -0.00000000    
  -59.2453918      -59.2453918      -0.00000000    
  -57.5258789      -57.5258484      -5.30501711E-05
  -55.3125305      -55.3125305      -0.00000000    
  -52.6896973      -52.6896057      -1.73758322E-04
  -49.7711487      -49.7711182      -6.13157972E-05
  -47.5729980      -47.5729980      -0.00000000    
  -49.4500732      -49.4500732      -0.00000000    
  dfdts 
  -1.57990530E-02  -1.57990456E-02  -4.71613857E-05
  -1.57990530E-02  -1.57990456E-02  -4.71613857E-05
  -1.57990530E-02  -1.57990456E-02  -4.71613857E-05
  -1.57990530E-02  -1.57990456E-02  -4.71613857E-05
  -1.57990530E-02  -1.57990456E-02  -4.71613857E-05
  -1.57990530E-02  -1.57990456E-02  -4.71613857E-05
  -1.57990530E-02  -1.57990456E-02  -4.71613857E-05
  -1.57990530E-02  -1.57990456E-02  -4.71613857E-05
  -1.57990530E-02  -1.57990456E-02  -4.71613857E-05
  -1.57990530E-02  -1.57990456E-02  -4.71613857E-05
  -1.57990567E-02  -1.57990493E-02  -4.71613748E-05
  -1.57990605E-02  -1.57990530E-02  -4.71613639E-05
  -1.57991666E-02  -1.57991592E-02  -4.71610474E-05
  -1.57992784E-02  -1.57992709E-02  -4.71607127E-05
  -1.58026814E-02  -1.58026740E-02  -4.71505555E-05
  -1.58062018E-02  -1.58061944E-02  -4.71400526E-05
  -1.58098936E-02  -1.58098862E-02  -4.71290441E-05
  -1.58171076E-02  -1.58171002E-02  -4.71075509E-05
  -1.58280320E-02  -1.58280246E-02  -4.70750347E-05
  -1.58433598E-02  -1.58433523E-02  -4.70294872E-05
  -1.58632267E-02  -1.58632193E-02  -4.69705847E-05
  -1.58913396E-02  -1.58913322E-02  -4.68874860E-05
  -1.59322955E-02  -1.59322880E-02  -4.67669488E-05
  -1.59833096E-02  -1.59833021E-02  -4.66176716E-05
  -1.60487387E-02  -1.60487313E-02  -4.64276054E-05
  -1.61278564E-02  -1.61278490E-02  -4.61998316E-05
  -1.62274186E-02  -1.62274111E-02  -4.59163602E-05
  -1.63526274E-02  -1.63526200E-02  -4.55647642E-05
  -1.65046304E-02  -1.65046230E-02  -4.51451015E-05
  -1.66955311E-02  -1.66955236E-02  -4.46288723E-05
  -1.69593841E-02  -1.69593766E-02  -4.39344985E-05
  -1.72969047E-02  -1.72968972E-02  -4.30771361E-05
  -1.77332852E-02  -1.77332778E-02  -4.20170363E-05
  -1.82244685E-02  -1.82244610E-02  -4.08845372E-05
  -1.87620651E-02  -1.87620576E-02  -3.97129952E-05
  -1.91417597E-02  -1.91417523E-02  -3.89252091E-05
  -1.95397642E-02  -1.95397567E-02  -3.81323043E-05
  -1.98081750E-02  -1.98081676E-02  -3.76155658E-05
  -1.99853554E-02  -1.99853480E-02  -3.72820650E-05
  -2.01560538E-02  -2.01560464E-02  -3.69663139E-05
  -2.03354284E-02  -2.03354210E-02  -3.66402273E-05
  -2.05360558E-02  -2.05360483E-02  -3.62822502E-05
  -2.07647532E-02  -2.07647458E-02  -3.58826292E-05
  -2.10224912E-02  -2.10224837E-02  -3.54426847E-05
  -2.13180780E-02  -2.13180706E-02  -3.49512302E-05
  -2.16443520E-02  -2.16443446E-02  -3.44243381E-05
  -2.18639504E-02  -2.18639430E-02  -3.40785700E-05
  -2.20673159E-02  -2.20673084E-02  -3.37644960E-05
  -2.22639460E-02  -2.22639386E-02  -3.34662836E-05
  -2.25094724E-02  -2.25094650E-02  -3.31012270E-05
  -2.27679890E-02  -2.27679815E-02  -3.27253656E-05
  -2.30215024E-02  -2.30214950E-02  -3.23649801E-05
  -2.32958086E-02  -2.32957993E-02  -3.99798337E-05
  -2.40994282E-02  -2.40994170E-02  -4.63759316E-05
  -1.22650599      -1.22650588      -9.71942882E-06
  -1.79090750      -1.79090738      -6.65636571E-06
  -1.85918260      -1.85918236      -1.28238453E-05
  -1.93476641      -1.93476605      -1.84843011E-05
  -2.01752424      -2.01752377      -2.36347787E-05
  -2.10866547      -2.10866547      -0.00000000    
  -2.18960643      -2.18960643      -0.00000000    
  -2.25628209      -2.25628185      -1.05668823E-05
  -2.32895160      -2.32895112      -2.04743355E-05
  -2.40874815      -2.40874720      -3.95921306E-05
  -2.49688935      -2.49688768      -6.68403954E-05
  -2.59576344      -2.59576130      -8.26642354E-05
  -2.70591187      -2.70590806      -1.40976452E-04
  -2.82818365      -2.82817841      -1.85462166E-04
  -2.95929551      -2.95928812      -2.49754667E-04
  -3.10638547      -3.10638523      -7.67511483E-06
  -3.30728364      -3.30728221      -4.32533780E-05
  -3.63653708      -3.63654041      -9.17868019E-05
  -5.91559649      -5.91559649      -0.00000000    
 Profile print versus GEOS
 Latitude  -18.7417946     ,  longitude   21.5399876    
  
  flx
  -280.896118      -280.896149      -1.08643644E-05
  -280.894684      -280.894714      -1.08644199E-05
  -280.893555      -280.893585      -1.08644635E-05
  -280.892334      -280.892365      -1.08645108E-05
  -280.891052      -280.891052      -0.00000000    
  -280.889374      -280.889404      -1.08646254E-05
  -280.886597      -280.886627      -1.08647328E-05
  -280.883850      -280.883850      -0.00000000    
  -280.879486      -280.879486      -0.00000000    
  -280.871582      -280.871582      -0.00000000    
  -280.855835      -280.855865      -1.08659224E-05
  -280.830536      -280.830536      -0.00000000    
  -280.793304      -280.793335      -1.08683425E-05
  -280.749329      -280.749329      -0.00000000    
  -280.690735      -280.690765      -1.08723143E-05
  -280.602325      -280.602325      -0.00000000    
  -280.476318      -280.476318      -0.00000000    
  -280.325348      -280.325348      -0.00000000    
  -280.170258      -280.170319      -2.17850229E-05
  -280.017639      -280.017639      -0.00000000    
  -279.888641      -279.888641      -0.00000000    
  -279.749023      -279.749054      -1.09089133E-05
  -279.577545      -279.577576      -1.09156044E-05
  -279.424774      -279.424774      -0.00000000    
  -279.297760      -279.297760      -0.00000000    
  -279.163879      -279.163879      -0.00000000    
  -279.041901      -279.041901      -0.00000000    
  -278.968750      -278.968750      -0.00000000    
  -278.937531      -278.937531      -0.00000000    
  -278.936951      -278.936951      -0.00000000    
  -278.990021      -278.990021      -0.00000000    
  -279.078156      -279.078186      -1.09351367E-05
  -279.256592      -279.256622      -1.09281500E-05
  -279.446899      -279.446899      -0.00000000    
  -279.666107      -279.666107      -0.00000000    
  -279.732483      -279.732483      -0.00000000    
  -279.864075      -279.864075      -0.00000000    
  -279.915436      -279.915436      -0.00000000    
  -279.801331      -279.801361      -1.09068742E-05
  -279.489288      -279.489288      -0.00000000    
  -278.594330      -278.594360      -1.09541279E-05
  -276.934662      -276.934662      -0.00000000    
  -274.038605      -274.038605      -0.00000000    
  -269.822571      -269.822571      -0.00000000    
  -261.743774      -261.743713      -2.33186656E-05
  -253.169006      -253.169006      -0.00000000    
  -248.738281      -248.738281      -0.00000000    
  -245.796524      -245.796524      -0.00000000    
  -240.783310      -240.783340      -1.26742916E-05
  -226.541946      -226.542007      -2.69420998E-05
  -217.739075      -217.739075      -0.00000000    
  -210.092285      -210.092285      -0.00000000    
  -199.597748      -199.597778      -1.52895409E-05
  -174.491791      -174.491852      -3.49788133E-05
  -73.6076660      -73.6076965      -4.14597816E-05
  -74.2135620      -74.2136230      -8.22425936E-05
  -74.7064819      -74.7065125      -4.08499727E-05
  -74.7747498      -74.7747498      -0.00000000    
  -74.2881165      -74.2880554      -8.21600552E-05
  -73.5638428      -73.5637512      -1.24453436E-04
  -72.6944275      -72.6943359      -1.25941893E-04
  -71.9833984      -71.9833374      -8.47905976E-05
  -71.1954346      -71.1952820      -2.14322572E-04
  -70.2407837      -70.2406311      -2.17235458E-04
  -69.1259766      -69.1259155      -8.82955428E-05
  -67.7230530      -67.7229614      -1.35186958E-04
  -66.0376282      -66.0375671      -9.24248161E-05
  -64.1586304      -64.1585083      -1.90263279E-04
  -61.7940369      -61.7940979      -9.87719177E-05
  -59.1843872      -59.1844177      -5.15635620E-05
  -56.2387085      -56.2387390      -5.42643647E-05
  -53.4311218      -53.4311829      -1.14231472E-04
  -55.7994080      -55.7994690      -1.09383160E-04
  dfdts 
 -0.160464510     -0.160464466      -2.78589705E-05
 -0.160464510     -0.160464466      -2.78589705E-05
 -0.160464510     -0.160464466      -2.78589705E-05
 -0.160464510     -0.160464466      -2.78589705E-05
 -0.160464510     -0.160464466      -2.78589705E-05
 -0.160464510     -0.160464466      -2.78589705E-05
 -0.160464510     -0.160464466      -2.78589705E-05
 -0.160464510     -0.160464466      -2.78589705E-05
 -0.160464510     -0.160464466      -2.78589705E-05
 -0.160464510     -0.160464466      -2.78589705E-05
 -0.160464510     -0.160464466      -2.78589705E-05
 -0.160464510     -0.160464481      -1.85726476E-05
 -0.160466522     -0.160466477      -2.78586213E-05
 -0.160468519     -0.160468489      -1.85721838E-05
 -0.160474181     -0.160474151      -1.85715289E-05
 -0.160481900     -0.160481855      -2.78559528E-05
 -0.160498604     -0.160498574      -1.85687022E-05
 -0.160523072     -0.160523012      -3.71317437E-05
 -0.160575747     -0.160575703      -2.78396728E-05
 -0.160658583     -0.160658553      -1.85502122E-05
 -0.160787523     -0.160787493      -1.85353365E-05
 -0.160980657     -0.160980612      -2.77696472E-05
 -0.161284477     -0.161284432      -2.77173367E-05
 -0.161702827     -0.161702797      -1.84304172E-05
 -0.162301123     -0.162301078      -2.75437142E-05
 -0.163094640     -0.163094595      -2.74097038E-05
 -0.164161280     -0.164161250      -1.81544056E-05
 -0.165593490     -0.165593460      -1.79973867E-05
 -0.167366728     -0.167366698      -1.78067057E-05
 -0.169503152     -0.169503123      -1.75822679E-05
 -0.172060043     -0.172060013      -1.73209864E-05
 -0.174623564     -0.174623534      -1.70667081E-05
 -0.177210554     -0.177210525      -1.68175593E-05
 -0.179593250     -0.179593220      -1.65944366E-05
 -0.181928560     -0.181928515      -2.45721330E-05
 -0.183439061     -0.183439016      -2.43697978E-05
 -0.184996173     -0.184996143      -1.61097832E-05
 -0.186023429     -0.186023384      -2.40312329E-05
 -0.186735213     -0.186735168      -2.39396322E-05
 -0.187439829     -0.187439799      -1.58997591E-05
 -0.188221619     -0.188221589      -1.58337189E-05
 -0.189140603     -0.189140573      -1.57567865E-05
 -0.190235078     -0.190235034      -2.34991985E-05
 -0.191535339     -0.191535294      -2.33396695E-05
 -0.193067759     -0.193067729      -1.54362788E-05
 -0.194794491     -0.194794461      -1.52994453E-05
 -0.195986718     -0.195986673      -2.28095614E-05
 -0.197134912     -0.197134882      -1.51178056E-05
 -0.198235989     -0.198235959      -1.50338356E-05
 -0.199603498     -0.199603468      -1.49308362E-05
 -0.201018631     -0.201018602      -1.48257259E-05
 -0.202398032     -0.202398002      -1.47246838E-05
 -0.203808740     -0.203808695      -2.19341437E-05
 -0.207423046     -0.207423016      -1.43679626E-05
  -1.73821688      -1.73821688      -0.00000000    
  -1.79592907      -1.79592896      -6.63775381E-06
  -1.85886049      -1.85886014      -1.92391017E-05
  -1.93203235      -1.93203211      -1.23403061E-05
  -2.01614857      -2.01614785      -3.54763579E-05
  -2.11096716      -2.11096716      -0.00000000    
  -2.19508410      -2.19508410      -0.00000000    
  -2.26402187      -2.26402164      -1.05307590E-05
  -2.33847284      -2.33846974      -1.32541318E-04
  -2.41970468      -2.41970468      -0.00000000    
  -2.50819731      -2.50819755      -9.50557842E-06
  -2.60525250      -2.60525370      -4.57573042E-05
  -2.70959306      -2.70959496      -7.03924670E-05
  -2.81583309      -2.81583738      -1.52407330E-04
  -2.93342066      -2.93342257      -6.50213333E-05
  -3.07476091      -3.07476425      -1.08556771E-04
  -3.27884889      -3.27885556      -2.03599571E-04
  -3.61654353      -3.61655974      -4.48286271E-04
  -5.88562441      -5.88562441      -0.00000000    
